   0.0000000e+00   0.0000000e+00   0.0000000e+00   0.0000000e+00   0.0000000e+00   9.9999971e-01   9.9964003e-01   6.4029608e-01   0.0000000e+00   0.0000000e+00   0.0000000e+00   0.0000000e+00   0.0000000e+00   0.0000000e+00   0.0000000e+00
   0.0000000e+00   0.0000000e+00   0.0000000e+00   8.8079611e-01   0.0000000e+00   6.6654749e-01   0.0000000e+00   9.9924364e-01   8.5269533e-01   9.9834686e-01   0.0000000e+00   0.0000000e+00   9.5671155e-01   0.0000000e+00   0.0000000e+00
   0.0000000e+00   0.0000000e+00   0.0000000e+00   0.0000000e+00   0.0000000e+00   0.0000000e+00   0.0000000e+00   0.0000000e+00   0.0000000e+00   8.6342099e-01   9.9997223e-01   0.0000000e+00   9.9803443e-01   9.9999082e-01   9.9644687e-01
   0.0000000e+00   8.5678209e-01   0.0000000e+00   0.0000000e+00   0.0000000e+00   0.0000000e+00   0.0000000e+00   0.0000000e+00   9.9999998e-01   9.9999992e-01   0.0000000e+00   9.9990254e-01   9.9999864e-01   9.9956079e-01   9.0115589e-01
   0.0000000e+00   0.0000000e+00   0.0000000e+00   0.0000000e+00   0.0000000e+00   0.0000000e+00   0.0000000e+00   0.0000000e+00   0.0000000e+00   0.0000000e+00   9.9520154e-01   0.0000000e+00   0.0000000e+00   0.0000000e+00   9.9912162e-01
   9.9999970e-01   6.8623815e-01   0.0000000e+00   0.0000000e+00   0.0000000e+00   0.0000000e+00   9.9407941e-01   9.9582384e-01   0.0000000e+00   0.0000000e+00   0.0000000e+00   0.0000000e+00   0.0000000e+00   0.0000000e+00   0.0000000e+00
   9.9962477e-01   0.0000000e+00   0.0000000e+00   0.0000000e+00   0.0000000e+00   9.9354600e-01   0.0000000e+00   0.0000000e+00   0.0000000e+00   0.0000000e+00   0.0000000e+00   0.0000000e+00   0.0000000e+00   0.0000000e+00   0.0000000e+00
   0.0000000e+00   9.9936550e-01   0.0000000e+00   0.0000000e+00   0.0000000e+00   9.9617078e-01   0.0000000e+00   0.0000000e+00   0.0000000e+00   0.0000000e+00   0.0000000e+00   0.0000000e+00   0.0000000e+00   0.0000000e+00   0.0000000e+00
   0.0000000e+00   8.5523258e-01   0.0000000e+00   9.9999998e-01   0.0000000e+00   0.0000000e+00   0.0000000e+00   0.0000000e+00   0.0000000e+00   9.9999782e-01   0.0000000e+00   9.9999006e-01   9.9995756e-01   9.7543425e-01   0.0000000e+00
   0.0000000e+00   9.9816406e-01   8.8677052e-01   9.9999984e-01   0.0000000e+00   0.0000000e+00   0.0000000e+00   0.0000000e+00   9.9999847e-01   0.0000000e+00   0.0000000e+00   9.5475124e-01   9.9999997e-01   9.9936420e-01   6.5168050e-01
   0.0000000e+00   0.0000000e+00   9.9997596e-01   0.0000000e+00   9.9528402e-01   0.0000000e+00   0.0000000e+00   0.0000000e+00   0.0000000e+00   0.0000000e+00   0.0000000e+00   0.0000000e+00   0.0000000e+00   9.7453822e-01   9.6963897e-01
   0.0000000e+00   0.0000000e+00   0.0000000e+00   9.9992506e-01   0.0000000e+00   0.0000000e+00   0.0000000e+00   0.0000000e+00   9.9999227e-01   9.5690867e-01   0.0000000e+00   0.0000000e+00   7.2873235e-01   6.3663436e-01   0.0000000e+00
   0.0000000e+00   9.6119296e-01   9.9845908e-01   9.9999831e-01   0.0000000e+00   0.0000000e+00   0.0000000e+00   0.0000000e+00   9.9995783e-01   9.9999998e-01   0.0000000e+00   7.5490400e-01   0.0000000e+00   9.9997950e-01   9.5507938e-01
   0.0000000e+00   0.0000000e+00   9.9999185e-01   9.9962023e-01   6.2164408e-01   0.0000000e+00   0.0000000e+00   0.0000000e+00   9.7678742e-01   9.9950204e-01   9.7162999e-01   0.0000000e+00   9.9998813e-01   0.0000000e+00   9.9999915e-01
   0.0000000e+00   0.0000000e+00   9.9556458e-01   8.8747722e-01   9.9912489e-01   0.0000000e+00   0.0000000e+00   0.0000000e+00   0.0000000e+00   6.2562201e-01   9.7288895e-01   0.0000000e+00   9.4408617e-01   9.9999928e-01   0.0000000e+00
