   1.1040795e+01
   1.1054707e+01
   1.0187917e+01
   1.2129609e+01
   1.0853367e+01
   1.1069466e+01
   1.1587676e+01
   1.6045703e+01
   1.6601519e+01
   1.6000052e+01
   1.5423589e+01
   1.5462596e+01
   1.5194434e+01
   1.6343180e+01
   2.0771041e+01
   2.1030395e+01
   2.1042068e+01
   2.1087092e+01
   20.7
   23
   2.1020885e+01
   2.5854246e+01
   2.6083191e+01
   26
   2.6321906e+01
   2.5679722e+01
   2.6018813e+01
   2.5636570e+01
   2.9954617e+01
   3.0823757e+01
   3.0562381e+01
   3.1002491e+01
   3.0241372e+01
   2.9893479e+01
   3.0648476e+01
   3.5838057e+01
   3.6038527e+01
   3.7003112e+01
   3.6182073e+01
   3.6284388e+01
   3.4743331e+01
   3.5946589e+01
   4.0196500e+01
   4.1028910e+01
   4.0888066e+01
   4.0598128e+01
   4.0857937e+01
   4.0849520e+01
   40
   4.6246348e+01
   1.2194253e+01
   1.4237180e+01
   1.1123931e+01
   1.2993589e+01
   9.6659166e+00
   7.7406044e+00
   1.1672441e+01
   9.0325930e+00
   1.1099344e+01
   1.0101626e+01
   9.9646700e+00
   7.1112547e+00
   8.9293001e+00
   1.3313409e+01
   1.5571313e+01
   1.7824055e+01
   1.6504764e+01
   1.4352966e+01
   1.7960834e+01
   1.9591194e+01
   1.3086815e+01
   1.2384280e+01
   1.4927844e+01
   1.5820681e+01
   1.6634108e+01
   1.8702840e+01
   1.9184152e+01
   1.3299974e+01
   20
   1.9784996e+01
   1.9996960e+01
   2.0827868e+01
   2.2141886e+01
   1.9066083e+01
   2.4518863e+01
   2.1654271e+01
   2.0735345e+01
   2.3295979e+01
   1.6977060e+01
   2.0923770e+01
   2.2353679e+01
   1.9517913e+01
   2.2249329e+01
   2.2499370e+01
   2.8068536e+01
   2.9574540e+01
   2.7304382e+01
   2.3922929e+01
   2.7118729e+01
   2.2876018e+01
   2.5627647e+01
   2.2738740e+01
   2.5990593e+01
   2.4160879e+01
   2.2294307e+01
   2.8370957e+01
   2.9089576e+01
   2.8873119e+01
   3.1831375e+01
   2.9144201e+01
   3.5107242e+01
   2.8253672e+01
   2.7932949e+01
   3.1882966e+01
   3.1974980e+01
   3.2028118e+01
   3.3706911e+01
   2.8117692e+01
   2.7487897e+01
   3.3202376e+01
   3.4564456e+01
   3.7836129e+01
   3.1673834e+01
   3.3472001e+01
   3.2542153e+01
   3.5700836e+01
   3.7599941e+01
   3.8541859e+01
   3.3234126e+01
   3.1518786e+01
   3.6029612e+01
   3.8243604e+01
   3.5595047e+01
   3.7386047e+01
   4.1464496e+01
   4.2406113e+01
   39
   4.3702165e+01
   4.3005643e+01
   4.0269655e+01
   3.9618250e+01
   4.0689627e+01
   4.0211779e+01
   4.3757747e+01
   4.4760057e+01
   3.9866620e+01
   4.2857758e+01
   4.0490134e+01
   4.3702801e+01
   4.3072203e+01
